410 INDEX RERUM

011111 pr. 1111111111 888.
dnn, contactio 188.

E.

111111 1111 41 11.

1111111111 ’1111υυί111111 exordium 1111111. 111111 elegio, qualis
1111. 1111111111 tq.

1111111 111111 1111111111 48.

1111111111 1111111111 111111 88. 48. 44. 49. 88. 18. 81. 98. 180181.
188. 148. 181. 1881188. 1881881888111. m. 880.
888. 889. 891. 889. 848. 411.

epithetum 11111 cmx sqq.

1111 1111111111,111111 488.

111, 1111111111 11. 180. 114. 111. 818. 848. 880.

1111111181 1111111111 1111111111111 401 111. ’

exsecutio 11111 memorabili· 181.

F.

1111111 1111 1111181 tq.
, 11111 1111111 88.

Fortunae 1111 188.
1111111081 881.

G.

gemmae 111 111111 rubro 881. 488.
811111 108 sq.

8111111 m.

gypsati peden 1111111111 888.

Η.

Hecate· 01111 et 01181101 (1011110101 μώτούτταις 48.
Hecate! 111111111Ιο 1111111 188.

nomem· 11111 111 8111111111 484.

1111111, qnid 198.

11111111 11111111111111 88.

1111 41. 48. 1148118848.

imperfecti 111111111111 11 11111111111111111111, quomodo 1111111111 81.

 

